test_write REAL-RUN syscall_trace=64,64,64,64,64,64,64,93
test_getpid REAL-RUN syscall_trace=64,64,64,172,64,64,64,64,64,64,64,93
test_getppid REAL-RUN syscall_trace=64,64,64,173,64,64,64,64,64,64,64,93
test_uname REAL-RUN syscall_trace=64,64,64,160,64,64,64,64,64,64,64,64,64,64,64,64,64,64,64,64,64,64,64,64,64,64,93
test_getcwd REAL-RUN syscall_trace=64,64,64,17,64,64,64,64,64,64,64,93
test_brk REAL-RUN syscall_trace=64,64,64,214,64,64,64,64,214,214,64,64,64,64,214,214,64,64,64,64,64,64,64,93
test_gettimeofday REAL-RUN syscall_trace=64,64,64,169,169,64,64,64,64,64,64,64,64,64,64,64,64,64,64,64,93
test_times REAL-RUN syscall_trace=64,64,64,153,64,64,64,64,64,64,64,64,64,64,64,64,64,64,64,64,93
test_sleep REAL-RUN syscall_trace=64,64,64,169,101,169,64,64,64,64,93
test_close REAL-RUN syscall_trace=64,64,64,56,64,57,64,64,64,64,64,64,64,93
test_dup REAL-RUN syscall_trace=64,64,64,23,64,64,64,64,64,64,64,93
test_dup2 REAL-RUN syscall_trace=64,64,64,24,64,64,64,64,93
test_open REAL-RUN syscall_trace=64,64,64,56,63,64,57,64,64,64,93
test_read REAL-RUN syscall_trace=64,64,64,56,63,64,57,64,64,64,93
test_openat REAL-RUN syscall_trace=64,64,64,56,64,64,64,64,56,64,64,64,64,64,57,64,64,64,93
test_fstat REAL-RUN syscall_trace=64,64,64,56,80,64,64,64,64,64,64,64,64,64,64,64,64,64,64,64,64,64,64,64,64,64,64,64,64,64,64,64,64,64,64,64,64,93
test_getdents REAL-RUN syscall_trace=64,64,64,56,64,64,64,64,61,64,64,64,64,64,64,64,64,64,57,64,64,64,93
test_chdir REAL-RUN syscall_trace=64,64,64,34,49,64,64,64,64,17,64,64,64,64,64,64,64,93
test_mkdir REAL-RUN syscall_trace=64,64,64,34,64,64,64,64,56,64,57,64,64,64,93
test_unlink REAL-RUN syscall_trace=64,64,64,56,57,35,56,64,64,64,64,93
test_pipe REAL-RUN syscall_trace=64,64,64,59,220,64,64,64,64,57,63,64,64,64,64,57,64,57,93,63,64,63,64,63,64,63,64,63,64,63,64,63,64,63,64,63,64,63,64,63,64,63,64,63,64,63,64,63,64,63,64,63,64,63,64,63,64,63,64,63,64,63,64,63,64,63,64,63,64,63,64,63,64,63,64,63,64,63,64,63,64,57,260,64,64,64,93
test_yield REAL-RUN syscall_trace=64,64,64,220,220,220,260,124,124,124,172,64,64,64,64,64,64,64,124,172,64,64,64,64,64,64,64,124,172,64,64,64,64,64,64,64,124,172,64,64,64,64,64,64,64,124,172,64,64,64,64,64,64,64,124,172,64,64,64,64,64,64,64,124,172,64,64,64,64,64,64,64,124,172,64,64,64,64,64,64,64,124,172,64,64,64,64,64,64,64,124,172,64,64,64,64,64,64,64,124,172,64,64,64,64,64,64,64,124,172,64,64,64,64,64,64,64,124,172,64,64,64,64,64,64,64,93,172,64,64,64,64,64,64,64,93,172,64,64,64,64,64,64,64,93,260,260,260,64,64,64,93
test_wait REAL-RUN syscall_trace=64,64,64,220,260,64,93,260,64,64,64,64,64,64,64,93
test_waitpid REAL-RUN syscall_trace=64,64,64,220,260,124,64,93,260,64,64,64,64,64,64,64,93
test_fork REAL-RUN syscall_trace=64,64,64,220,260,64,93,260,64,64,64,64,64,64,64,93
test_clone REAL-RUN syscall_trace=64,64,64,220,260,64,93,260,64,64,64,64,64,64,64,93
test_execve REAL-RUN syscall_trace=64,64,64,221,64,64,64,64,93
test_mmap REAL-RUN syscall_trace=64,64,64,56,64,80,64,64,64,64,222,64,64,64,64,215,57,64,64,64,93
test_mount REAL-RUN syscall_trace=64,64,64,64,64,64,64,64,64,64,40,64,64,64,64,64,39,64,64,64,64,64,64,64,93
test_munmap REAL-RUN syscall_trace=64,64,64,56,64,80,64,64,64,64,222,215,64,64,64,64,64,57,64,64,64,93
test_umount REAL-RUN syscall_trace=64,64,64,64,64,64,64,64,64,64,40,64,64,64,64,39,64,64,64,64,64,64,64,93
